# Table Slot: Powell.MonthlyReleaseTable
# Column: [0] 7 [1 acre-ft]
# Column: [1] 7.48 [1 acre-ft]
# Column: [2] 8.23 [1 acre-ft]
# Column: [3] 9 [1 acre-ft]
# Column: [4] 9.5 [1 acre-ft]
# Column: [5] 10 [1 acre-ft]
# Column: [6] 10.5 [1 acre-ft]
# Column: [7] 11 [1 acre-ft]
# Column: [8] 11.5 [1 acre-ft]
# Column: [9] 12 [1 acre-ft]
# Column: [10] 12.5 [1 acre-ft]
# Column: [11] 13 [1 acre-ft]
# Column: [12] 13.5 [1 acre-ft]
# Column: [13] 14 [1 acre-ft]
# Column: [14] 14.5 [1 acre-ft]
# Column: [15] 15 [1 acre-ft]
# Column: [16] 15.5 [1 acre-ft]
# Column: [17] 16 [1 acre-ft]
# Column: [18] 16.5 [1 acre-ft]
# Column: [19] 17 [1 acre-ft]
# Column: [20] 17.5 [1 acre-ft]
# Column: [21] 18 [1 acre-ft]
# Column: [22] 20 [1 acre-ft]
# Column: [23] 30 [1 acre-ft]
# Column: [24] 50 [1 acre-ft]
# Column: [25] 75 [1 acre-ft]
480000.00 480000.00 643000.00 643000.00 643000.00 643000.00 643000.00 643000.00 643000.00 643000.00 643000.00 643000.00 643000.00 643000.00 643000.00 643000.00 650000.00 650000.00 650000.00 650000.00 650000.00 650000.00 800000.00 1600000.00 2666666.67 4000000.00 
500000.00 500000.00 642000.00 642000.00 642000.00 642000.00 642000.00 642000.00 642000.00 642000.00 642000.00 642000.00 642000.00 642000.00 642000.00 642000.00 650000.00 650000.00 650000.00 650000.00 650000.00 650000.00 800000.00 1600000.00 2666666.67 4000000.00 
600000.00 600000.00 715000.00 715000.00 715000.00 715000.00 715000.00 715000.00 715000.00 715000.00 715000.00 715000.00 715000.00 715000.00 715000.00 715000.00 750000.00 800000.00 800000.00 800000.00 800000.00 800000.00 1000000.00 1900000.00 3166666.67 4750000.00 
664000.00 723000.00 763000.00 857000.00 919000.00 980000.00 1041000.00 1102000.00 1160000.00 1225000.00 1290000.00 1347000.00 1410000.00 1470000.00 1530000.00 1590000.00 1650000.00 1720000.00 1770000.00 1840000.00 1900000.00 1960000.00 2000000.00 2500000.00 4166666.67 6250000.00 
587000.00 639000.00 675000.00 758000.00 813000.00 870000.00 921000.00 975000.00 1030000.00 1083000.00 1140000.00 1192000.00 1250000.00 1300000.00 1350000.00 1410000.00 1450000.00 1490000.00 1550000.00 1600000.00 1650000.00 1710000.00 1760000.00 1900000.00 3166666.67 4750000.00 
620000.00 675000.00 713000.00 801000.00 858000.00 920000.00 973000.00 1030000.00 1090000.00 1145000.00 1200000.00 1259000.00 1320000.00 1373000.00 1430000.00 1490000.00 1540000.00 1590000.00 1650000.00 1700000.00 1760000.00 1820000.00 1880000.00 2500000.00 4166666.67 6250000.00 
552000.00 601000.00 635000.00 713000.00 764000.00 810000.00 866000.00 917000.00 970000.00 1020000.00 1070000.00 1121000.00 1170000.00 1223000.00 1270000.00 1320000.00 1370000.00 1410000.00 1470000.00 1510000.00 1560000.00 1620000.00 1980000.00 2500000.00 4166666.67 6250000.00 
550000.00 599000.00 632000.00 710000.00 761000.00 810000.00 862000.00 913000.00 960000.00 1014000.00 1060000.00 1116000.00 1170000.00 1217000.00 1270000.00 1320000.00 1370000.00 1420000.00 1460000.00 1510000.00 1570000.00 1620000.00 2040000.00 2800000.00 4666666.67 7000000.00 
577000.00 628000.00 663000.00 745000.00 798000.00 850000.00 905000.00 958000.00 1010000.00 1064000.00 1120000.00 1171000.00 1220000.00 1277000.00 1330000.00 1380000.00 1420000.00 1480000.00 1530000.00 1590000.00 1640000.00 1690000.00 1980000.00 3100000.00 5166666.67 7750000.00 
652000.00 709000.00 749000.00 842000.00 902000.00 960000.00 1022000.00 1082000.00 1140000.00 1202000.00 1260000.00 1322000.00 1380000.00 1443000.00 1500000.00 1560000.00 1620000.00 1670000.00 1730000.00 1790000.00 1850000.00 1910000.00 2040000.00 3400000.00 5666666.67 8500000.00 
696000.00 758000.00 800000.00 900000.00 963000.00 1030000.00 1091000.00 1156000.00 1220000.00 1284000.00 1350000.00 1413000.00 1480000.00 1537000.00 1600000.00 1670000.00 1730000.00 1780000.00 1850000.00 1920000.00 1980000.00 2040000.00 2040000.00 3400000.00 5666666.67 8500000.00 
522000.00 568000.00 600000.00 674000.00 722000.00 770000.00 819000.00 867000.00 920000.00 963000.00 1010000.00 1059000.00 1100000.00 1160000.00 1220000.00 1260000.00 1300000.00 1340000.00 1390000.00 1440000.00 1490000.00 1530000.00 1680000.00 2800000.00 4666666.67 7000000.00 
